====================
0
pk: 0.05955334987593052
windiff: 0.04950495049504951
p: 0.8703703703703703
r: 1.0
f: 0.9306930693069307
best_pk: 0.05955334987593052
best_windiff: 0.04950495049504951
best_p: 0.8703703703703703
best_r: 1.0
best_f: 0.9306930693069307
====================
1
pk: 0.022332506203473945
windiff: 0.017326732673267328
p: 0.9583333333333334
r: 0.9787234042553191
f: 0.968421052631579
best_pk: 0.022332506203473945
best_windiff: 0.017326732673267328
best_p: 0.9583333333333334
best_r: 0.9787234042553191
best_f: 0.968421052631579
====================
2
pk: 0.019851116625310174
windiff: 0.01485148514851485
p: 0.9591836734693877
r: 1.0
f: 0.9791666666666666
best_pk: 0.019851116625310174
best_windiff: 0.01485148514851485
best_p: 0.9591836734693877
best_r: 1.0
best_f: 0.9791666666666666
