====================
0
pk: 0.3961835529304861
p: 0.24687595245352026
r: 0.8833151581243184
best_pk: 0.3961835529304861
best_p: 0.24687595245352026
best_r: 0.8833151581243184
====================
0
pk: 0.3961835529304861
windiff: 0.7964561562925943
p: 0.24687595245352026
r: 0.8833151581243184
best_pk: 0.3961835529304861
best_windiff: 0.7964561562925943
best_p: 0.24687595245352026
best_r: 0.8833151581243184
