====================
0
pk: 0.4119106699751861
windiff: 0.32425742574257427
p: 0.0
r: 0.0
f: 0.0
best_pk: 0.4119106699751861
best_windiff: 0.32425742574257427
best_p: 0.0
best_r: 0.0
best_f: 0.0
====================
0
pk: 0.4119106699751861
windiff: 0.32425742574257427
p: 0.0
r: 0.0
f: 0.0
best_pk: 0.4119106699751861
best_windiff: 0.32425742574257427
best_p: 0.0
best_r: 0.0
best_f: 0.0
====================
0
pk: 0.0
windiff: 0.0
p: 1.0
r: 1.0
f: 1.0
best_pk: 0.0
best_windiff: 0.0
best_p: 1.0
best_r: 1.0
best_f: 1.0
====================
0
pk: 0.0
windiff: 0.0
p: 1.0
r: 1.0
f: 1.0
best_pk: 0.0
best_windiff: 0.0
best_p: 1.0
best_r: 1.0
best_f: 1.0
