====================
0
pk: 0.5420263516583371
windiff: 0.4165657177468201
p: 0.0
r: 0.0
f: 0.0
best_pk: 0.5420263516583371
best_windiff: 0.4165657177468201
best_p: 0.0
best_r: 0.0
best_f: 0.0
