====================
0
pk: 0.5414205664092079
p: 0.1724137931034483
r: 0.0054525627044711015
best_pk: 0.5414205664092079
best_p: 0.1724137931034483
best_r: 0.0054525627044711015
