====================
0
pk: 0.08801955990220049
windiff: 0.3170731707317073
p: 0.5217391304347826
r: 1.0
f: 0.6857142857142856
best_pk: 0.08801955990220049
best_windiff: 0.3170731707317073
best_p: 0.5217391304347826
best_r: 1.0
best_f: 0.6857142857142856
====================
1
pk: 0.08801955990220049
windiff: 0.3170731707317073
p: 0.5217391304347826
r: 1.0
f: 0.6857142857142856
best_pk: 0.08801955990220049
best_windiff: 0.3170731707317073
best_p: 0.5217391304347826
best_r: 1.0
best_f: 0.6857142857142856
