====================
0
pk: 0.3928409605799728
windiff: 0.32412231030577576
p: 0.0
r: 0.0
f: 0.0
best_pk: 0.3928409605799728
best_windiff: 0.32412231030577576
best_p: 0.0
best_r: 0.0
best_f: 0.0
