====================
0
pk: 0.04218362282878412
windiff: 0.03712871287128713
p: 0.9038461538461539
r: 1.0
f: 0.9494949494949495
best_pk: 0.04218362282878412
best_windiff: 0.03712871287128713
best_p: 0.9038461538461539
best_r: 1.0
best_f: 0.9494949494949495
