====================
0
pk: 0.3961835529304861
p: 0.24687595245352026
r: 0.8833151581243184
best_pk: 0.3961835529304861
best_p: 0.24687595245352026
best_r: 0.8833151581243184
