====================
0
pk: 0.3001345895020188
windiff: 0.45511669658886894
p: 0.6751412429378532
r: 0.3671274961597542
f: 0.47562189054726367
best_pk: 0.3001345895020188
best_windiff: 0.45511669658886894
best_p: 0.6751412429378532
best_r: 0.3671274961597542
best_f: 0.47562189054726367
